0.000000 0.990967
0.001001 0.986837
0.002002 1.000000
0.003003 0.956196
0.004004 0.970596
0.005005 0.943365
0.006006 0.996284
0.007007 0.987937
0.008008 0.954953
0.009009 0.988336
0.010010 0.935238
0.011011 0.935148
0.012012 0.955829
0.013013 0.936635
0.014014 0.921609
0.015015 0.916416
0.016016 0.940936
0.017017 0.930562
0.018018 0.917793
0.019019 0.948395
0.020020 0.899099
0.021021 0.890350
0.022022 0.906492
0.023023 0.910317
0.024024 0.896638
0.025025 0.881236
0.026026 0.892028
0.027027 0.904860
0.028028 0.851969
0.029029 0.883838
0.030030 0.875929
0.031031 0.898874
0.032032 0.869566
0.033033 0.894499
0.034034 0.865771
0.035035 0.871020
0.036036 0.876570
0.037037 0.832448
0.038038 0.860296
0.039039 0.885802
0.040040 0.857262
0.041041 0.839481
0.042042 0.864711
0.043043 0.837973
0.044044 0.839795
0.045045 0.839706
0.046046 0.835428
0.047047 0.803810
0.048048 0.828959
0.049049 0.803291
0.050050 0.800874
0.051051 0.826556
0.052052 0.807109
0.053053 0.807909
0.054054 0.831057
0.055055 0.771386
0.056056 0.772514
0.057057 0.819179
0.058058 0.797600
0.059059 0.786159
0.060060 0.795682
0.061061 0.766729
0.062062 0.754380
0.063063 0.755066
0.064064 0.797694
0.065065 0.743891
0.066066 0.751778
0.067067 0.773619
0.068068 0.782600
0.069069 0.720993
0.070070 0.750392
0.071071 0.753858
0.072072 0.766271
0.073073 0.739351
0.074074 0.748411
0.075075 0.715282
0.076076 0.724030
0.077077 0.746602
0.078078 0.717762
0.079079 0.734353
0.080080 0.708786
0.081081 0.765259
0.082082 0.754409
0.083083 0.718769
0.084084 0.739130
0.085085 0.718306
0.086086 0.692592
0.087087 0.710986
0.088088 0.712566
0.089089 0.698306
0.090090 0.685665
0.091091 0.733611
0.092092 0.695299
0.093093 0.699101
0.094094 0.666743
0.095095 0.698462
0.096096 0.652334
0.097097 0.709963
0.098098 0.677330
0.099099 0.701178
0.100100 0.678658
0.101101 0.690659
0.102102 0.717754
0.103103 0.645648
0.104104 0.628970
0.105105 0.690013
0.106106 0.657690
0.107107 0.677974
0.108108 0.668281
0.109109 0.713264
0.110110 0.630235
0.111111 0.664367
0.112112 0.659710
0.113113 0.667254
0.114114 0.649136
0.115115 0.643520
0.116116 0.670708
0.117117 0.618526
0.118118 0.622093
0.119119 0.669886
0.120120 0.629115
0.121121 0.610517
0.122122 0.614645
0.123123 0.592602
0.124124 0.650049
0.125125 0.608974
0.126126 0.595463
0.127127 0.615582
0.128128 0.599159
0.129129 0.638962
0.130130 0.585257
0.131131 0.608996
0.132132 0.606922
0.133133 0.624093
0.134134 0.630195
0.135135 0.560960
0.136136 0.574293
0.137137 0.576537
0.138138 0.567108
0.139139 0.600226
0.140140 0.595938
0.141141 0.618758
0.142142 0.598756
0.143143 0.604859
0.144144 0.589737
0.145145 0.619335
0.146146 0.601427
0.147147 0.565383
0.148148 0.569986
0.149149 0.580393
0.150150 0.574944
0.151151 0.577408
0.152152 0.559181
0.153153 0.539323
0.154154 0.583591
0.155155 0.557260
0.156156 0.594421
0.157157 0.543960
0.158158 0.534370
0.159159 0.560747
0.160160 0.550084
0.161161 0.545496
0.162162 0.540444
0.163163 0.555083
0.164164 0.527683
0.165165 0.572871
0.166166 0.570115
0.167167 0.532442
0.168168 0.529462
0.169169 0.542299
0.170170 0.579466
0.171171 0.505612
0.172172 0.574044
0.173173 0.547731
0.174174 0.560000
0.175175 0.554580
0.176176 0.504648
0.177177 0.514609
0.178178 0.535272
0.179179 0.505615
0.180180 0.528865
0.181181 0.529121
0.182182 0.544637
0.183183 0.539104
0.184184 0.516525
0.185185 0.511883
0.186186 0.536906
0.187187 0.487128
0.188188 0.511683
0.189189 0.501666
0.190190 0.508623
0.191191 0.491011
0.192192 0.514911
0.193193 0.503571
0.194194 0.514688
0.195195 0.495357
0.196196 0.524953
0.197197 0.489984
0.198198 0.522209
0.199199 0.534824
0.200200 0.484576
0.201201 0.492177
0.202202 0.518955
0.203203 0.485119
0.204204 0.474393
0.205205 0.503424
0.206206 0.484579
0.207207 0.515421
0.208208 0.457994
0.209209 0.505774
0.210210 0.495425
0.211211 0.515877
0.212212 0.464554
0.213213 0.451835
0.214214 0.446771
0.215215 0.488612
0.216216 0.467643
0.217217 0.473494
0.218218 0.522165
0.219219 0.435589
0.220220 0.457525
0.221221 0.487315
0.222222 0.512224
0.223223 0.474143
0.224224 0.480351
0.225225 0.448571
0.226226 0.466315
0.227227 0.457085
0.228228 0.498326
0.229229 0.476014
0.230230 0.462547
0.231231 0.463269
0.232232 0.467198
0.233233 0.461113
0.234234 0.473644
0.235235 0.470508
0.236236 0.446990
0.237237 0.457651
0.238238 0.438765
0.239239 0.447397
0.240240 0.438635
0.241241 0.432605
0.242242 0.438124
0.243243 0.471971
0.244244 0.443864
0.245245 0.484527
0.246246 0.449677
0.247247 0.466994
0.248248 0.433465
0.249249 0.446168
0.250250 0.447610
0.251251 0.460561
0.252252 0.450423
0.253253 0.453219
0.254254 0.409649
0.255255 0.445866
0.256256 0.480886
0.257257 0.401370
0.258258 0.426534
0.259259 0.454804
0.260260 0.469062
0.261261 0.444823
0.262262 0.395690
0.263263 0.439446
0.264264 0.452346
0.265265 0.417878
0.266266 0.458482
0.267267 0.447166
0.268268 0.444521
0.269269 0.405395
0.270270 0.440044
0.271271 0.401964
0.272272 0.419780
0.273273 0.410510
0.274274 0.450323
0.275275 0.436522
0.276276 0.394678
0.277277 0.425428
0.278278 0.436132
0.279279 0.413625
0.280280 0.385732
0.281281 0.427720
0.282282 0.451056
0.283283 0.414504
0.284284 0.371449
0.285285 0.438739
0.286286 0.404750
0.287287 0.422212
0.288288 0.430581
0.289289 0.424990
0.290290 0.414816
0.291291 0.389410
0.292292 0.357177
0.293293 0.399206
0.294294 0.416484
0.295295 0.395721
0.296296 0.423564
0.297297 0.451104
0.298298 0.421287
0.299299 0.393614
0.300300 0.387383
0.301301 0.388376
0.302302 0.379562
0.303303 0.383536
0.304304 0.406233
0.305305 0.420298
0.306306 0.379457
0.307307 0.379179
0.308308 0.441504
0.309309 0.417276
0.310310 0.397842
0.311311 0.391388
0.312312 0.375642
0.313313 0.419666
0.314314 0.402756
0.315315 0.385308
0.316316 0.383516
0.317317 0.375427
0.318318 0.377193
0.319319 0.383311
0.320320 0.384341
0.321321 0.392877
0.322322 0.391088
0.323323 0.432756
0.324324 0.366745
0.325325 0.407119
0.326326 0.423708
0.327327 0.431909
0.328328 0.401324
0.329329 0.418560
0.330330 0.365731
0.331331 0.414617
0.332332 0.381879
0.333333 0.390624
0.334334 0.377616
0.335335 0.399262
0.336336 0.384013
0.337337 0.384306
0.338338 0.377700
0.339339 0.389216
0.340340 0.413082
0.341341 0.417449
0.342342 0.381438
0.343343 0.376736
0.344344 0.367905
0.345345 0.354531
0.346346 0.378851
0.347347 0.382443
0.348348 0.396301
0.349349 0.383949
0.350350 0.378007
0.351351 0.369816
0.352352 0.404209
0.353353 0.377394
0.354354 0.407644
0.355355 0.375706
0.356356 0.399908
0.357357 0.395167
0.358358 0.364874
0.359359 0.378482
0.360360 0.347052
0.361361 0.380688
0.362362 0.408996
0.363363 0.355147
0.364364 0.385047
0.365365 0.374134
0.366366 0.372785
0.367367 0.388850
0.368368 0.367599
0.369369 0.381302
0.370370 0.383902
0.371371 0.369736
0.372372 0.397627
0.373373 0.389638
0.374374 0.383546
0.375375 0.368718
0.376376 0.389542
0.377377 0.381966
0.378378 0.369081
0.379379 0.387201
0.380380 0.413269
0.381381 0.357289
0.382382 0.332517
0.383383 0.355374
0.384384 0.369894
0.385385 0.395710
0.386386 0.391725
0.387387 0.380039
0.388388 0.374219
0.389389 0.371452
0.390390 0.384574
0.391391 0.354485
0.392392 0.380833
0.393393 0.348279
0.394394 0.370444
0.395395 0.376079
0.396396 0.365351
0.397397 0.386100
0.398398 0.353307
0.399399 0.388660
0.400400 0.380503
0.401401 0.376479
0.402402 0.372345
0.403403 0.378071
0.404404 0.351552
0.405405 0.360450
0.406406 0.359615
0.407407 0.363435
0.408408 0.327713
0.409409 0.343170
0.410410 0.354705
0.411411 0.342198
0.412412 0.386694
0.413413 0.367706
0.414414 0.388084
0.415415 0.366948
0.416416 0.369287
0.417417 0.385910
0.418418 0.399405
0.419419 0.355098
0.420420 0.335555
0.421421 0.385845
0.422422 0.349776
0.423423 0.330655
0.424424 0.375614
0.425425 0.375613
0.426426 0.364016
0.427427 0.342261
0.428428 0.408286
0.429429 0.350409
0.430430 0.368168
0.431431 0.345387
0.432432 0.372989
0.433433 0.350596
0.434434 0.380281
0.435435 0.344799
0.436436 0.381345
0.437437 0.332372
0.438438 0.391682
0.439439 0.348129
0.440440 0.344088
0.441441 0.357752
0.442442 0.364722
0.443443 0.380572
0.444444 0.356805
0.445445 0.376537
0.446446 0.366947
0.447447 0.366569
0.448448 0.378457
0.449449 0.344015
0.450450 0.384520
0.451451 0.339251
0.452452 0.375602
0.453453 0.370295
0.454454 0.372157
0.455455 0.365732
0.456456 0.377169
0.457457 0.347018
0.458458 0.361807
0.459459 0.388637
0.460460 0.380354
0.461461 0.362742
0.462462 0.358819
0.463463 0.353879
0.464464 0.386913
0.465465 0.352084
0.466466 0.354896
0.467467 0.377942
0.468468 0.371265
0.469469 0.340766
0.470470 0.352393
0.471471 0.371768
0.472472 0.381363
0.473473 0.355623
0.474474 0.393479
0.475475 0.357624
0.476476 0.344499
0.477477 0.378550
0.478478 0.403393
0.479479 0.361512
0.480480 0.364118
0.481481 0.388647
0.482482 0.365632
0.483483 0.380635
0.484484 0.366026
0.485485 0.377041
0.486486 0.384862
0.487487 0.362393
0.488488 0.362600
0.489489 0.371371
0.490490 0.399140
0.491491 0.362874
0.492492 0.364441
0.493493 0.341876
0.494494 0.349425
0.495495 0.349135
0.496496 0.303593
0.497497 0.371312
0.498498 0.336097
0.499499 0.376032
0.500501 0.352908
0.501502 0.401943
0.502503 0.340889
0.503504 0.354537
0.504505 0.376485
0.505506 0.355264
0.506507 0.367765
0.507508 0.351673
0.508509 0.344402
0.509510 0.371264
0.510511 0.345664
0.511512 0.335283
0.512513 0.364156
0.513514 0.350576
0.514515 0.364693
0.515516 0.366227
0.516517 0.314539
0.517518 0.362088
0.518519 0.328744
0.519520 0.370001
0.520521 0.323001
0.521522 0.337998
0.522523 0.352930
0.523524 0.367820
0.524525 0.354715
0.525526 0.358107
0.526527 0.364212
0.527528 0.388883
0.528529 0.411399
0.529530 0.342188
0.530531 0.377880
0.531532 0.376096
0.532533 0.387480
0.533534 0.370048
0.534535 0.384985
0.535536 0.337110
0.536537 0.363409
0.537538 0.367599
0.538539 0.371484
0.539540 0.371110
0.540541 0.407671
0.541542 0.328998
0.542543 0.347459
0.543544 0.335441
0.544545 0.374811
0.545546 0.379626
0.546547 0.385822
0.547548 0.330740
0.548549 0.323020
0.549550 0.375347
0.550551 0.309861
0.551552 0.341828
0.552553 0.338239
0.553554 0.357238
0.554555 0.333148
0.555556 0.385159
0.556557 0.366124
0.557558 0.392394
0.558559 0.356594
0.559560 0.386375
0.560561 0.372197
0.561562 0.374968
0.562563 0.352722
0.563564 0.356116
0.564565 0.423661
0.565566 0.357980
0.566567 0.393186
0.567568 0.354755
0.568569 0.375304
0.569570 0.336652
0.570571 0.373404
0.571572 0.350944
0.572573 0.339901
0.573574 0.354396
0.574575 0.360776
0.575576 0.342403
0.576577 0.364428
0.577578 0.352949
0.578579 0.354287
0.579580 0.371285
0.580581 0.383726
0.581582 0.311009
0.582583 0.347386
0.583584 0.351629
0.584585 0.351577
0.585586 0.391597
0.586587 0.343043
0.587588 0.372609
0.588589 0.353591
0.589590 0.355426
0.590591 0.371707
0.591592 0.371254
0.592593 0.373455
0.593594 0.372966
0.594595 0.384128
0.595596 0.377174
0.596597 0.375724
0.597598 0.409370
0.598599 0.344648
0.599600 0.348058
0.600601 0.379445
0.601602 0.335493
0.602603 0.353826
0.603604 0.348315
0.604605 0.368811
0.605606 0.356271
0.606607 0.358934
0.607608 0.344210
0.608609 0.354718
0.609610 0.376359
0.610611 0.364629
0.611612 0.313303
0.612613 0.341398
0.613614 0.381958
0.614615 0.357315
0.615616 0.368687
0.616617 0.351354
0.617618 0.361396
0.618619 0.368186
0.619620 0.358928
0.620621 0.377253
0.621622 0.374787
0.622623 0.331520
0.623624 0.362447
0.624625 0.390158
0.625626 0.361769
0.626627 0.368943
0.627628 0.389028
0.628629 0.346037
0.629630 0.370430
0.630631 0.348770
0.631632 0.330053
0.632633 0.313918
0.633634 0.365949
0.634635 0.377104
0.635636 0.339135
0.636637 0.382119
0.637638 0.356038
0.638639 0.373788
0.639640 0.316020
0.640641 0.331814
0.641642 0.348016
0.642643 0.356126
0.643644 0.353131
0.644645 0.350258
0.645646 0.353370
0.646647 0.346978
0.647648 0.318509
0.648649 0.361380
0.649650 0.339711
0.650651 0.310210
0.651652 0.335005
0.652653 0.342895
0.653654 0.352146
0.654655 0.396399
0.655656 0.324553
0.656657 0.338556
0.657658 0.335656
0.658659 0.330990
0.659660 0.341869
0.660661 0.330592
0.661662 0.357882
0.662663 0.351490
0.663664 0.323288
0.664665 0.358756
0.665666 0.336220
0.666667 0.339150
0.667668 0.319389
0.668669 0.347586
0.669670 0.325779
0.670671 0.325250
0.671672 0.316397
0.672673 0.337872
0.673674 0.327708
0.674675 0.358244
0.675676 0.313088
0.676677 0.332068
0.677678 0.333829
0.678679 0.337927
0.679680 0.395733
0.680681 0.355195
0.681682 0.370012
0.682683 0.370997
0.683684 0.347950
0.684685 0.341626
0.685686 0.365081
0.686687 0.326334
0.687688 0.335526
0.688689 0.309215
0.689690 0.331648
0.690691 0.363244
0.691692 0.357640
0.692693 0.336397
0.693694 0.347299
0.694695 0.318123
0.695696 0.344104
0.696697 0.344152
0.697698 0.359350
0.698699 0.343907
0.699700 0.344841
0.700701 0.382365
0.701702 0.338248
0.702703 0.314524
0.703704 0.327111
0.704705 0.317150
0.705706 0.335782
0.706707 0.342675
0.707708 0.351497
0.708709 0.331682
0.709710 0.331575
0.710711 0.350087
0.711712 0.299254
0.712713 0.341971
0.713714 0.323830
0.714715 0.336436
0.715716 0.338027
0.716717 0.338904
0.717718 0.344660
0.718719 0.332564
0.719720 0.331642
0.720721 0.319373
0.721722 0.353175
0.722723 0.326169
0.723724 0.305145
0.724725 0.318546
0.725726 0.314049
0.726727 0.309996
0.727728 0.336988
0.728729 0.340196
0.729730 0.334350
0.730731 0.328504
0.731732 0.312779
0.732733 0.337347
0.733734 0.334659
0.734735 0.314239
0.735736 0.296210
0.736737 0.311125
0.737738 0.313993
0.738739 0.343859
0.739740 0.319063
0.740741 0.321839
0.741742 0.316996
0.742743 0.311095
0.743744 0.319377
0.744745 0.295889
0.745746 0.310501
0.746747 0.318638
0.747748 0.354459
0.748749 0.319569
0.749750 0.345748
0.750751 0.317210
0.751752 0.351708
0.752753 0.314341
0.753754 0.340080
0.754755 0.322382
0.755756 0.328887
0.756757 0.326426
0.757758 0.296361
0.758759 0.293657
0.759760 0.356273
0.760761 0.302465
0.761762 0.335475
0.762763 0.302278
0.763764 0.326951
0.764765 0.290990
0.765766 0.319136
0.766767 0.300982
0.767768 0.310693
0.768769 0.323580
0.769770 0.311970
0.770771 0.314745
0.771772 0.291783
0.772773 0.321053
0.773774 0.325986
0.774775 0.268738
0.775776 0.293276
0.776777 0.310447
0.777778 0.301137
0.778779 0.283291
0.779780 0.331666
0.780781 0.280649
0.781782 0.309461
0.782783 0.329943
0.783784 0.295213
0.784785 0.270266
0.785786 0.303661
0.786787 0.267140
0.787788 0.284970
0.788789 0.328175
0.789790 0.285519
0.790791 0.277457
0.791792 0.272921
0.792793 0.315255
0.793794 0.280642
0.794795 0.254229
0.795796 0.323710
0.796797 0.294773
0.797798 0.278459
0.798799 0.278344
0.799800 0.306762
0.800801 0.300788
0.801802 0.266461
0.802803 0.285028
0.803804 0.293323
0.804805 0.265132
0.805806 0.285779
0.806807 0.284207
0.807808 0.252945
0.808809 0.303608
0.809810 0.263863
0.810811 0.285325
0.811812 0.288766
0.812813 0.277311
0.813814 0.271533
0.814815 0.264467
0.815816 0.269891
0.816817 0.245723
0.817818 0.288401
0.818819 0.274901
0.819820 0.285680
0.820821 0.263540
0.821822 0.263365
0.822823 0.266863
0.823824 0.285709
0.824825 0.258739
0.825826 0.282791
0.826827 0.253780
0.827828 0.279010
0.828829 0.272894
0.829830 0.254799
0.830831 0.243689
0.831832 0.218692
0.832833 0.264735
0.833834 0.255706
0.834835 0.274745
0.835836 0.229015
0.836837 0.237558
0.837838 0.243813
0.838839 0.228684
0.839840 0.239212
0.840841 0.253084
0.841842 0.284415
0.842843 0.259382
0.843844 0.243469
0.844845 0.237999
0.845846 0.224726
0.846847 0.227733
0.847848 0.237737
0.848849 0.243060
0.849850 0.257688
0.850851 0.229637
0.851852 0.255202
0.852853 0.234831
0.853854 0.246271
0.854855 0.219185
0.855856 0.220531
0.856857 0.226214
0.857858 0.195217
0.858859 0.205136
0.859860 0.239422
0.860861 0.234594
0.861862 0.229079
0.862863 0.192184
0.863864 0.226754
0.864865 0.219473
0.865866 0.216906
0.866867 0.247024
0.867868 0.189192
0.868869 0.228581
0.869870 0.213512
0.870871 0.224562
0.871872 0.224756
0.872873 0.243534
0.873874 0.194138
0.874875 0.185665
0.875876 0.212489
0.876877 0.176398
0.877878 0.206661
0.878879 0.243847
0.879880 0.216274
0.880881 0.215365
0.881882 0.194774
0.882883 0.225988
0.883884 0.162031
0.884885 0.160274
0.885886 0.243442
0.886887 0.183328
0.887888 0.236756
0.888889 0.168706
0.889890 0.182417
0.890891 0.231511
0.891892 0.168899
0.892893 0.221101
0.893894 0.185357
0.894895 0.177250
0.895896 0.199560
0.896897 0.163272
0.897898 0.159281
0.898899 0.196725
0.899900 0.227696
0.900901 0.161759
0.901902 0.169928
0.902903 0.165455
0.903904 0.169411
0.904905 0.200869
0.905906 0.178996
0.906907 0.171683
0.907908 0.184210
0.908909 0.206586
0.909910 0.194058
0.910911 0.190439
0.911912 0.172059
0.912913 0.204007
0.913914 0.188880
0.914915 0.185757
0.915916 0.165037
0.916917 0.181697
0.917918 0.122164
0.918919 0.140968
0.919920 0.179996
0.920921 0.126363
0.921922 0.169408
0.922923 0.111496
0.923924 0.181321
0.924925 0.162025
0.925926 0.135906
0.926927 0.146722
0.927928 0.172535
0.928929 0.129735
0.929930 0.160180
0.930931 0.129463
0.931932 0.156547
0.932933 0.119427
0.933934 0.113749
0.934935 0.134955
0.935936 0.119313
0.936937 0.117023
0.937938 0.140400
0.938939 0.150772
0.939940 0.140347
0.940941 0.105270
0.941942 0.124211
0.942943 0.094292
0.943944 0.135067
0.944945 0.124450
0.945946 0.107064
0.946947 0.138272
0.947948 0.112604
0.948949 0.100151
0.949950 0.104770
0.950951 0.112060
0.951952 0.113228
0.952953 0.080863
0.953954 0.135530
0.954955 0.079304
0.955956 0.098433
0.956957 0.103429
0.957958 0.068150
0.958959 0.059362
0.959960 0.107606
0.960961 0.070275
0.961962 0.102986
0.962963 0.114486
0.963964 0.056528
0.964965 0.107095
0.965966 0.082586
0.966967 0.094149
0.967968 0.064520
0.968969 0.081525
0.969970 0.081386
0.970971 0.107701
0.971972 0.053236
0.972973 0.074135
0.973974 0.062872
0.974975 0.042134
0.975976 0.084560
0.976977 0.083431
0.977978 0.066541
0.978979 0.093857
0.979980 0.049561
0.980981 0.017183
0.981982 0.037943
0.982983 0.055830
0.983984 0.053097
0.984985 0.062067
0.985986 0.057646
0.986987 0.037115
0.987988 0.042225
0.988989 0.057774
0.989990 0.013055
0.990991 0.014185
0.991992 0.045287
0.992993 0.000000
0.993994 0.038286
0.994995 0.039203
0.995996 0.035733
0.996997 0.068884
0.997998 0.037869
0.998999 0.034351
1.000000 0.015721
